0
0
SidewalkRoad
0 -108
SidewalkRoad
0 -8.00003
VehicleRoad
0 92
5
1195.25 92 -10.75 0
714.5 92 -10.75 0
679.5 92 -10.75 0
1012.25 92 -10.75 0
455.75 92 -10.75 0
1
0 255 0 84
0 92
-1 131
VehicleRoad
0 192
1
152.6 192 10.8 0
1
0 255 0 84
1450 192
-1 547
VehicleRoad
0 292
4
1157.5 292 0.25 0
1557.5 292 0.25 0
557.5 292 0.25 0
757.5 292 0.25 0
0
255 0 0 84
1450 292
-1 261
VehicleRoad
0 392
1
1306 392 0.5 0
1
0 255 0 84
1450 392
-1 587
SidewalkRoad
0 492
VehicleRoad
0 592
1
1513.4 592 10.8 0
1
0 255 0 84
1450 592
-1 674
VehicleRoad
0 692
4
761 692 0.25 0
1161 692 0.25 0
561 692 0.25 0
1361 692 0.25 0
1
0 255 0 84
1450 692
-1 333
VehicleRoad
0 792
1
1101 792 0.5 0
1
0 255 0 84
1450 792
-1 148
SidewalkRoad
0 892
SidewalkRoad
0 992
100 512 504
512 612
27.1432
